4_Shape 1 = [
[0, 0, 0, 0, 0]
[0, 1, 0, 0, 0]
[0, 1, 0, 0, 0]
[0, 1, 1, 0, 0]
[0, 0, 0, 0, 0]

]
4_Shape 2 = [
[0, 0, 0, 0, 0]
[0, 1, 1, 0, 0]
[0, 1, 1, 0, 0]
[0, 0, 0, 0, 0]
[0, 0, 0, 0, 0]

]
4_Shape 3 = [
[0, 0, 0, 0, 0]
[0, 0, 0, 0, 0]
[0, 0, 1, 1, 1]
[0, 0, 0, 1, 0]
[0, 0, 0, 0, 0]
]
4_Shape 4 = [
[0, 0, 0, 0, 0]
[0, 0, 0, 0, 0]
[0, 0, 1, 0, 0]
[0, 0, 1, 1, 1]
[0, 0, 0, 0, 0]
]
4_Shape 5 = [
[0, 0, 0, 0, 0]
[0, 0, 0, 0, 0]
[0, 0, 1, 1, 0]
[0, 0, 0, 1, 0]
[0, 0, 0, 1, 0]
]
4_Shape 6 = [
[0, 0, 0, 0, 0]
[0, 0, 0, 0, 0]
[0, 0, 1, 0, 0]
[0, 0, 1, 1, 0]
[0, 0, 0, 1, 0]
]

4_Shape 7 = [
[0, 1, 0, 0, 0],
[0, 1, 0, 0, 0],
[0, 1, 0, 0, 0],
[0, 1, 0, 0, 0],
[0, 0, 0, 0, 0],

]
4_Shape 8 = [
[0, 0, 0, 0, 0],
[0, 0, 0, 0, 0],
[0, 1, 1, 1, 1],
[0, 0, 0, 0, 0],
[0, 0, 0, 0, 0],

]
4_Shape 9 = [
[0, 0, 0, 0, 0],
[0, 0, 0, 0, 0],
[0, 1, 1, 0, 0],
[0, 0, 1, 1, 0],
[0, 0, 0, 0, 0],
]

5_Shape 1 = [
[0, 0, 0, 0, 0]
[0, 0, 0, 0, 0]
[0, 0, 1, 1, 1]
[0, 0, 0, 0, 1]
[0, 0, 0, 0, 1]
]
5_Shape 2 = [
[0, 0, 0, 0, 0]
[0, 0, 0, 0, 0]
[0, 0, 1, 0, 0]
[0, 0, 1, 0, 0]
[0, 0, 1, 1, 1]
]
5_Shape 3 = [
[0, 0, 0, 0, 0]
[0, 0, 0, 0, 0]
[0, 0, 1, 0, 0]
[0, 0, 1, 1, 0]
[0, 0, 1, 1, 0]
]
5_Shape 4 = [
[0, 0, 0, 0, 0]
[0, 0, 0, 0, 0]
[1, 1, 1, 1, 1]
[0, 0, 0, 0, 0]
[0, 0, 0, 0, 0]
]
5_Shape 5 = [
[0, 0, 0, 0, 0]
[0, 0, 0, 0, 0]
[0, 0, 1, 0, 0]
[0, 0, 1, 1, 0]
[0, 0, 1, 1, 0]
]
5_Shape 6 = [
[0, 0, 0, 0, 0]
[0, 0, 0, 0, 0]
[0, 0, 1, 0, 0]
[0, 0, 1, 1, 0]
[0, 0, 0, 1, 1]
]
5_Shape 7 = [
[0, 0, 0, 0, 0]
[0, 0, 0, 0, 0]
[0, 0, 1, 1, 0]
[0, 0, 0, 1, 1]
[0, 0, 0, 0, 1]
]
5_Shape 8 = [
[0, 0, 0, 0, 0]
[0, 0, 0, 0, 0]
[0, 0, 1, 0, 0]
[0, 0, 1, 1, 0]
[0, 0, 0, 1, 0]
]
5_Shape 9 = [
[0, 0, 0, 0, 0]
[0, 0, 0, 0, 0]
[0, 0, 1, 1, 1]
[0, 0, 0, 1, 1]
[0, 0, 0, 0, 0]
]
5_Shape 10 = [
[0, 0, 0, 0, 0]
[0, 0, 0, 0, 0]
[0, 0, 1, 1, 0]
[0, 0, 0, 1, 1]
[0, 0, 0, 0, 0]
]
5_Shape 11 = [
[0, 0, 1, 0, 0]
[0, 0, 1, 0, 0]
[0, 0, 1, 0, 0]
[0, 0, 1, 0, 0]
[0, 0, 1, 0, 0]
]
5_Shape 12 = [
[0, 0, 0, 0, 0]
[0, 0, 0, 0, 0]
[0, 0, 1, 0, 0]
[0, 0, 1, 1, 0]
[0, 0, 1, 0, 0]
]
5_Shape 13 = [
[0, 0, 0, 0, 0]
[0, 0, 0, 0, 0]
[0, 0, 1, 1, 0]
[0, 0, 0, 1, 0]
[0, 0, 0, 1, 1]
]
5_Shape 14 = [
[0, 0, 0, 0, 0]
[0, 0, 0, 0, 0]
[0, 0, 1, 0, 0]
[0, 0, 1, 1, 1]
[0, 0, 0, 0, 0]
]
5_Shape 15 = [
[0, 0, 0, 0, 0]
[0, 0, 0, 0, 0]
[0, 0, 1, 1, 0]
[0, 0, 0, 1, 0]
[0, 0, 1, 1, 0]
]
5_Shape 16 = [
[0, 0, 0, 0, 0]
[0, 0, 0, 0, 0]
[0, 0, 1, 1, 0]
[0, 0, 0, 1, 0]
[0, 0, 0, 1, 0]
]
5_Shape 17 = [
[0, 0, 0, 0, 0]
[0, 0, 0, 0, 0]
[0, 0, 1, 0, 1]
[0, 0, 1, 1, 1]
[0, 0, 0, 0, 0]
]
5_Shape 18 = [
[0, 0, 0, 0, 0]
[0, 0, 0, 0, 0]
[0, 0, 1, 1, 1]
[0, 0, 1, 1, 0]
[0, 0, 0, 0, 0]
]
5_Shape 19 = [
[0, 0, 0, 0, 0]
[0, 0, 0, 0, 0]
[0, 0, 1, 1, 1]
[0, 0, 0, 1, 1]
[0, 0, 0, 0, 0]
]
5_Shape 20 = [
[0, 0, 0, 0, 0]
[0, 0, 0, 0, 0]
[0, 0, 1, 1, 1]
[0, 0, 0, 1, 0]
[0, 0, 0, 0, 0]
]
5_Shape 21 = [
[0, 0, 0, 0, 0]
[0, 0, 0, 0, 0]
[0, 0, 1, 0, 0]
[0, 0, 1, 1, 1]
[0, 0, 0, 0, 1]
]
5_Shape 22 = [
[0, 0, 0, 0, 0]
[0, 0, 0, 0, 0]
[0, 0, 1, 1, 0]
[0, 0, 1, 1, 0]
[0, 0, 1, 0, 0]
]

6_Shape 1 = [
[0, 0, 0, 0, 0]
[0, 0, 0, 0, 0]
[0, 0, 1, 0, 0]
[0, 0, 1, 1, 0]
[0, 0, 1, 1, 0]
]
6_Shape 2 = [
[0, 0, 0, 0, 0]
[0, 0, 0, 0, 0]
[0, 0, 1, 1, 0]
[0, 0, 0, 1, 1]
[0, 0, 0, 1, 0]
]
6_Shape 3 = [
[0, 0, 1, 0, 0]
[0, 0, 1, 0, 0]
[0, 0, 1, 0, 0]
[0, 0, 1, 1, 0]
[0, 0, 0, 1, 0]
]
6_Shape 4 = [
[0, 0, 0, 0, 0]
[0, 0, 0, 0, 0]
[0, 0, 1, 0, 0]
[0, 0, 1, 0, 1]
[0, 0, 1, 1, 1]
]
6_Shape 5 = [
[0, 0, 0, 0, 0]
[0, 0, 0, 0, 0]
[0, 0, 1, 0, 0]
[0, 0, 1, 1, 1]
[0, 0, 0, 1, 0]
]
6_Shape 6 = [
[0, 0, 0, 0, 0]
[0, 0, 0, 0, 0]
[1, 1, 0, 0, 0]
[0, 1, 1, 1, 1]
[0, 0, 0, 0, 0]
]
6_Shape 7 = [
[0, 0, 0, 0, 0]
[0, 0, 0, 0, 0]
[0, 0, 1, 0, 0]
[0, 0, 1, 1, 1]
[0, 0, 1, 1, 0]
]
6_Shape 8 = [
[0, 0, 0, 0, 0]
[0, 0, 0, 0, 0]
[0, 0, 1, 0, 0]
[0, 0, 1, 1, 1]
[0, 0, 0, 1, 1]
]
6_Shape 9 = [
[0, 0, 0, 0, 0]
[0, 0, 0, 0, 0]
[0, 0, 1, 1, 1]
[0, 0, 1, 1, 1]
[0, 0, 0, 0, 0]
]
6_Shape 10 = [
[0, 0, 0, 0, 0]
[0, 0, 0, 0, 0]
[0, 0, 1, 1, 0]
[0, 0, 1, 1, 0]
[0, 0, 1, 1, 0]
]
6_Shape 11 = [
[0, 0, 0, 0, 0]
[0, 0, 0, 0, 0]
[1, 1, 1, 1, 1]
[0, 0, 0, 0, 1]
[0, 0, 0, 0, 0]
]
6_Shape 12 = [
[0, 0, 1, 0, 0]
[0, 0, 1, 0, 0]
[0, 0, 1, 0, 0]
[0, 0, 1, 0, 0]
[0, 0, 1, 1, 0]
]
6_Shape 13 = [
[0, 0, 0, 0, 0]
[0, 0, 0, 0, 0]
[0, 0, 1, 1, 1]
[0, 0, 0, 1, 1]
[0, 0, 0, 0, 0]
]
6_Shape 14 = [
[0, 0, 0, 0, 0]
[0, 0, 0, 0, 0]
[0, 0, 1, 1, 1]
[0, 0, 0, 1, 1]
[0, 0, 0, 1, 0]
]
6_Shape 15 = [
[0, 0, 0, 0, 0]
[0, 0, 0, 0, 0]
[0, 0, 1, 1, 1]
[0, 0, 0, 0, 1]
[0, 0, 0, 1, 1]
]
6_Shape 16 = [
[0, 0, 1, 1, 0]
[0, 0, 0, 1, 0]
[0, 0, 0, 1, 0]
[0, 0, 0, 1, 0]
[0, 0, 0, 1, 0]
]
6_Shape 17 = [
[0, 0, 0, 0, 0]
[0, 0, 0, 0, 0]
[0, 0, 1, 1, 0]
[0, 0, 1, 1, 0]
[0, 0, 0, 1, 0]
]
6_Shape 18 = [
[0, 0, 0, 0, 0]
[0, 0, 0, 0, 0]
[0, 0, 1, 0, 0]
[0, 0, 1, 1, 1]
[0, 0, 1, 0, 0]
]
6_Shape 19 = [
[0, 0, 0, 0, 0]
[0, 0, 0, 0, 0]
[0, 0, 1, 1, 0]
[0, 0, 1, 1, 0]
[0, 0, 1, 1, 0]
]
6_Shape 20 = [
[0, 0, 0, 0, 0]
[0, 0, 0, 0, 0]
[0, 0, 1, 1, 1]
[0, 0, 0, 1, 1]
[0, 0, 0, 1, 0]
]
6_Shape 21 = [
[0, 0, 0, 0, 0]
[0, 0, 0, 0, 0]
[0, 0, 1, 1, 0]
[0, 0, 0, 1, 1]
[0, 0, 0, 1, 1]
]
6_Shape 22 = [
[0, 0, 0, 0, 0]
[0, 0, 0, 0, 0]
[0, 0, 1, 0, 0]
[0, 0, 1, 1, 1]
[0, 0, 0, 0, 1]
]
6_Shape 23 = [
[0, 0, 0, 0, 0]
[0, 0, 0, 0, 0]
[0, 0, 1, 1, 1]
[0, 0, 1, 1, 1]
[0, 0, 0, 0, 0]
]
6_Shape 24 = [
[0, 0, 0, 0, 0]
[0, 0, 0, 0, 0]
[0, 0, 1, 1, 0]
[0, 0, 0, 1, 1]
[0, 0, 0, 0, 0]
]
6_Shape 25 = [
[0, 0, 0, 0, 0]
[0, 0, 0, 0, 0]
[0, 0, 1, 1, 0]
[0, 0, 0, 1, 1]
[0, 0, 0, 1, 0]
]
6_Shape 26 = [
[0, 0, 0, 0, 0]
[0, 0, 0, 0, 0]
[0, 0, 1, 1, 1]
[0, 0, 0, 1, 0]
[0, 0, 0, 1, 0]
]
6_Shape 27 = [
[0, 0, 0, 0, 0]
[0, 0, 0, 0, 0]
[0, 0, 1, 0, 0]
[0, 0, 1, 1, 1]
[0, 0, 0, 1, 0]
]
6_Shape 28 = [
[0, 0, 0, 0, 0]
[0, 0, 0, 0, 0]
[0, 0, 1, 1, 1]
[0, 0, 1, 1, 0]
[0, 0, 0, 0, 0]
]
6_Shape 29 = [
[0, 0, 0, 0, 0]
[0, 0, 0, 0, 0]
[0, 0, 1, 1, 0]
[0, 0, 1, 1, 0]
[0, 0, 1, 0, 0]
]
6_Shape 30 = [
[0, 0, 0, 0, 0]
[0, 0, 0, 0, 0]
[0, 0, 1, 1, 1]
[0, 0, 0, 0, 1]
[0, 0, 0, 0, 1]
]
6_Shape 31 = [
[0, 0, 0, 0, 0]
[0, 0, 0, 0, 0]
[1, 0, 0, 0, 0]
[1, 1, 1, 1, 1]
[0, 0, 0, 0, 0]
]
6_Shape 32 = [
[0, 0, 0, 0, 0]
[0, 0, 0, 0, 0]
[0, 0, 1, 0, 0]
[0, 0, 1, 1, 1]
[0, 0, 0, 1, 1]
]
6_Shape 33 = [
[0, 0, 0, 0, 0]
[0, 0, 0, 0, 0]
[0, 0, 1, 0, 0]
[0, 0, 1, 1, 1]
[0, 0, 1, 1, 0]
]
6_Shape 34 = [
[0, 0, 0, 0, 0]
[0, 0, 0, 0, 0]
[0, 0, 1, 1, 1]
[0, 0, 0, 1, 1]
[0, 0, 0, 0, 0]
]
6_Shape 35 = [
[0, 0, 0, 0, 0]
[0, 0, 0, 0, 0]
[0, 0, 1, 0, 0]
[0, 0, 1, 0, 1]
[0, 0, 1, 1, 1]
]
6_Shape 36 = [
[0, 0, 0, 0, 0]
[0, 0, 0, 0, 0]
[0, 0, 1, 0, 0]
[0, 0, 1, 1, 0]
[0, 0, 0, 1, 1]
]
6_Shape 37 = [
[0, 0, 0, 0, 0]
[0, 0, 0, 0, 0]
[0, 0, 1, 0, 0]
[0, 0, 1, 1, 1]
[0, 0, 0, 1, 1]
]
6_Shape 38 = [
[0, 0, 0, 0, 0]
[0, 0, 0, 0, 0]
[0, 0, 1, 1, 0]
[0, 0, 0, 1, 1]
[0, 0, 0, 1, 1]
]
6_Shape 39 = [
[0, 0, 0, 0, 0]
[0, 0, 0, 0, 0]
[0, 0, 1, 0, 0]
[0, 0, 1, 1, 0]
[0, 0, 1, 1, 0]
]
6_Shape 40 = [
[0, 0, 0, 0, 0]
[0, 0, 0, 0, 0]
[0, 0, 1, 1, 0]
[0, 0, 0, 1, 1]
[0, 0, 0, 0, 1]
]
6_Shape 41 = [
[0, 0, 0, 0, 0]
[0, 0, 0, 0, 0]
[1, 1, 1, 1, 0]
[0, 0, 0, 1, 1]
[0, 0, 0, 0, 0]
]
6_Shape 42 = [
[0, 0, 0, 0, 0]
[0, 0, 0, 0, 0]
[1, 1, 1, 0, 0]
[0, 0, 1, 1, 1]
[0, 0, 0, 0, 0]
]
6_Shape 43 = [
[0, 0, 0, 0, 0]
[0, 0, 0, 0, 0]
[0, 0, 1, 0, 0]
[0, 0, 1, 1, 0]
[0, 0, 0, 1, 0]
]
6_Shape 44 = [
[0, 0, 0, 0, 0]
[0, 0, 0, 0, 0]
[0, 0, 1, 1, 0]
[0, 0, 1, 1, 1]
[0, 0, 0, 0, 0]
]
6_Shape 45 = [
[0, 0, 0, 0, 0]
[0, 0, 0, 0, 0]
[0, 0, 1, 1, 0]
[0, 0, 0, 1, 1]
[0, 0, 0, 1, 1]
]
6_Shape 46 = [
[0, 0, 1, 0, 0]
[0, 0, 1, 0, 0]
[0, 0, 1, 1, 0]
[0, 0, 0, 1, 0]
[0, 0, 0, 1, 0]
]
6_Shape 47 = [
[0, 0, 0, 0, 0]
[0, 0, 0, 0, 0]
[0, 0, 1, 1, 1]
[0, 0, 0, 0, 1]
[0, 0, 0, 1, 1]
]
6_Shape 48 = [
[0, 0, 0, 0, 0]
[0, 0, 0, 0, 0]
[0, 0, 1, 0, 0]
[0, 0, 1, 0, 0]
[0, 0, 1, 1, 1]
]
6_Shape 49 = [
[0, 0, 1, 0, 0]
[0, 0, 1, 1, 0]
[0, 0, 0, 1, 0]
[0, 0, 0, 1, 0]
[0, 0, 0, 1, 0]
]
6_Shape 50 = [
[0, 0, 0, 0, 0]
[0, 0, 0, 0, 0]
[0, 0, 1, 1, 0]
[0, 0, 0, 1, 0]
[0, 0, 0, 1, 1]
]